7297 4 1
7280 3 1
7287 3 1
7286 4 1
7284 1 0
7281 3 1
7138 1 0
7110 2 0
7117 1 0
7224 4 1
7118 1 0
7172 2 0
7204 1 0
7077 1 0
7096 3 1
7244 2 0
7269 3 1
7241 3 1
7157 4 1
7053 2 0
7200 2 0
7261 3 1
7152 4 1
7151 2 0
7248 2 0
7295 4 1
7080 2 0
7298 4 1
7115 1 0
7168 1 0
7101 3 1
7021 2 0
7208 3 1
7014 1 0
7027 3 1
7233 2 0
7129 1 0
7127 3 1
7004 4 1
7040 2 0
7120 2 0
7254 3 1
7273 1 0
7256 1 0
7148 1 0
7069 4 1
7087 2 0
7132 4 1
7216 1 0
7188 2 0
7235 3 1
1001 1 0
1003 1 0
1004 1 0
1011 1 0
1023 1 0
1026 1 0
1027 1 0
1029 1 0
1030 1 0
1031 1 0
1032 1 0
1034 1 0
1035 1 0
1036 1 0
1037 1 0
1038 1 0
1043 1 0
1045 1 0
1053 1 0
1055 1 0
1011 1 0
1053 1 0
1038 1 0
1043 1 0
1001 1 0
1037 1 0
1034 1 0
1002 1 0
1015 1 0
1030 1 0
1006 1 0
1028 1 0
1025 1 0
1029 1 0
1031 1 0
1045 1 0
1032 1 0
1003 1 0
1027 1 0
1036 1 0
1035 1 0
1013 1 0
1023 1 0
1026 1 0
1004 1 0
1033 1 0
9011 4 1
9013 1 0
9016 1 0
9046 1 0
9003 4 1
9020 4 1
9032 4 1
9037 4 1
9008 4 1
9026 4 1
9027 4 1
9031 4 1
9051 4 1
9009 4 1
9019 1 0
9033 4 1
9035 1 0
9036 1 0
9038 1 0
9042 1 0
9010 4 1
9017 4 1
9014 1 0
9022 1 0
9024 1 0
9004 4 1
9006 4 1
9001 1 0
9007 1 0
9004 4 1
9015 4 1
9018 4 1
9023 4 1
9043 4 1
9005 1 0
9025 1 0
9039 1 0
9044 1 0
9045 1 0
9049 1 0
7019 4 1
7050 4 1
7051 4 1
7160 4 1
9029 1 0
9040 1 0
9041 1 0
6019 4 1
7016 4 1
7246 4 1
7318 4 1
9028 4 1
